a <- 1:10
b <- 1:3
a+b

a <- matrix(1:25,5,5)
a
