a <- 1:10
b <- 1:3
a+b
